19859
47084
28356
28149
40437
33263
54993
22162
19626
47519
17944
14533
50004
23661
54193
379
11278
35906
8560
16214
29805
31779
24224
53018
63526
11604
20880
32025
62975
55068
2093
7097
5055
41026
20969
54976
31165
39107
27028
14938
557
18551
43893
23294
48146
21664
65133
18879
35756
40633
52569
60949
2799
17170
23420
1240
20957
14660
41679
20990
61751
17559
14543
39553
61370
55888
21803
13093
56232
43124
41095
29358
11614
15618
63486
8191
3421
48079
38667
43369
42350
42219
54437
6136
9014
63125
48245
62020
30483
51342
43472
44161
14036
13230
47744
35105
17603
35740
31422
34106
27379
49760
52545
53102
52565
8674
31056
30332
19516
18157
22646
14145
57874
40969
11553
16330
64253
20663
17978
10217
22985
45993
14660
30178
33600
17550
57173
39393
58898
14432
2408
4722
8767
47592
59540
16962
23881
41935
15972
41410
31023
45594
5066
18452
8427
52941
59789
3256
54995
8431
15980
43044
50526
30236
34112
35862
53859
5662
35561
40512
1367
59765
8329
26592
27567
30587
7483
42236
22609
50122
25307
50226
50560
41974
9787
57180
14561
13296
58412
58123
22706
34736
62663
2576
17614
20779
54529
61647
12161
41421
63173
25623
58929
13133
6441
42872
20988
15540
61312
22774
8730
2635
51012
53960
3490
41458
11265
6364
32362
15767
30286
1520
11163
25340
10577
46437
44516
44946
57787
41332
31251
59492
62411
52158
54952
40415
13310
40528
18067
22881
33259
16249
54431
15224
46698
29085
34953
38310
28739
2887
52865
3528
48339
49720
33840
27636
53117
46932
53626
18989
25188
38955
40862
28634
10400
38698
60585
60828
5242
9186
64688
53658
30439
35615
29415
3156
63389
14692
11268
25373
39421
41948
40609
58332
59840
8728
63049
34156
44634
45173
53427
36274
17526
30169
51858
4646
52499
29199
2174
52576
35027
16977
55668
29909
61295
59952
188
22770
52729
58866
17946
4140
5615
64271
37315
9968
8893
43504
8087
47998
23992
23452
38705
49502
4549
21794
1569
40205
25231
45832
40011
22886
7946
42920
30977
58868
9912
35336
65386
23463
25781
60859
52063
64704
48516
41512
4689
37206
27816
40455
42806
29721
8282
11717
64083
28329
828
18028
55066
49915
59770
21936
47234
2870
1787
57373
51349
5207
10968
29562
53104
25915
10346
602
55889
44083
15037
27104
28968
64778
9246
20817
4683
20629
6936
36592
64876
35321
16562
62693
18881
56525
5034
44492
56677
34457
49507
55635
13731
42482
12917
49198
30531
38429
36188
64012
62387
40863
43290
8718
2442
20769
33534
64817
60830
16453
26892
11271
47870
56401
52653
62588
62636
64683
62404
21352
4472
51086
7146
11930
29164
53852
3946
10502
20227
6289
49862
41527
26596
49450
62342
53821
59933
4156
45820
41528
52272
17415
36030
57789
29431
11782
41777
14572
28828
53714
43441
51195
48385
12599
64048
48694
19612
12000
15988
28030
4407
23529
54053
64233
31036
57440
28479
60248
33510
2045
60709
29161
39644
25306
48715
49265
15846
45679
30340
13754
50517
56685
35840
21640
51840
64973
27603
1947
8288
60307
5084
5137
53382
53424
45440
23390
45924
49023
13247
62021
55359
41330
9836
16765
51435
20331
38545
43280
58678
13465
44286
10038
19322
30819
20051
41155
35881
36756
36732
53941
22148
352
34078
921
21105
42462
45999
65406
63407
12746
44971
9098
47825
21135
51506
34208
50608
16042
38744
761
24686
34037
64721
1152
33640
10793
42185
33582
58971
8907
49895
40997
32522
53537
3991
30127
20238
1805
63918
32350
48760
51934
64183
36847
33939
45211
64465
22329
21283
28510
4219
2779
30562
43025
15055
39559
24845
53400
58471
35390
16160
24733
40943
25219
32196
45996
15406
49682
5569
23464
16861
43465
3448
40706
25747
12833
56000
41889
62503
294
11641
58033
57877
15002
2419
17986
54587
20493
36036
6328
8324
48766
45731
21268
18072
166
19570
64230
16379
33540
5877
1822
43601
22201
41763
38007
49367
32079
62673
15081
55326
38658
34751
50632
39848
18991
31176
56412
31629
4778
6446
51353
17713
7599
3243
14862
29716
8416
53718
58326
14836
37550
53978
10769
57114
36577
55038
50639
61417
58580
59512
41569
43832
5351
56694
3152
30793
18830
49285
11616
29505
60617
11791
23074
44707
20202
1811
49449
59093
48448
19924
63928
36248
24964
44314
58512
13711
43816
44800
30008
9447
56530
31387
47380
51478
34862
39208
48151
47048
21377
41226
30001
6556
50352
10275
26336
48543
4035
19784
5818
36753
217
55942
27147
55955
9636
9623
39231
13464
55091
43490
4311
26774
54230
62794
51359
27910
49457
4105
27028
54492
22931
34088
56389
4730
50303
44538
25823
59618
55916
50368
25534
3919
60927
33371
51623
4465
25401
63010
45456
2550
32220
48772
51216
55623
42366
33472
56729
50826
3600
21130
25986
6221
35049
32096
44119
42006
60208
14807
13428
52108
17619
39541
9417
623
19852
27440
51916
9537
19934
38200
25331
27793
7873
4157
12769
10179
1556
36180
16657
6882
32366
20982
7023
2332
51242
58904
50710
49108
18080
39039
65304
45192
39113
38239
58364
39093
26399
38502
25657
55872
33534
40376
62726
27580
3259
55357
33837
53556
26422
42109
37624
29594
12344
56078
8522
14766
52831
12760
55261
14347
22153
56608
59184
6907
9504
11757
54262
64083
610
46593
59703
12678
40248
39840
2251
43910
38245
993
56340
38416
54644
26307
1427
23053
9572
58784
30716
61944
21205
22660
54624
41682
6279
18977
2279
52137
51152
60032
52162
63988
12618
38593
37552
61869
8384
48585
24790
36350
4512
2066
5951
44548
20213
61629
14836
8182
8886
47395
31990
13989
54784
27541
12385
27076
15645
44799
19451
50015
12567
32998
9167
37827
25431
40762
63806
52350
16576
60571
43650
51583
24335
27035
48696
14555
4887
20750
15715
13558
6013
26190
3265
44355
33625
53074
21088
34513
1458
47914
34452
49761
24475
15570
62431
47481
16856
58350
66
41368
64957
50635
51234
60414
17054
31364
32694
27756
27409
33112
10198
2334
36440
5558
22166
56685
44104
39182
55118
28161
19351
50652
28944
50386
54670
11095
12793
60260
54575
20586
45550
24090
7414
64790
7216
19276
13315
52334
48372
65406
27543
25661
56162
64635
42747
43877
57577
20212
23549
37468
2365
42052
12294
35570
60122
64539
1741
35681
12891
7795
29456
25949
35936
63825
30920
